-2.155204220134011805e+00
-2.226887245374398194e+00
-2.239364252697051416e+00
-2.239364252697051416e+00
-2.239364252697051416e+00
-2.239364252697051416e+00
-2.239364252697051416e+00
-2.239364252697051416e+00
-2.239364252697051416e+00
-2.239364252697051416e+00
-2.239364252697051416e+00
-2.239364252697051416e+00
-2.239364252697051416e+00
-2.239364252697051416e+00
-2.239364252697051416e+00
-2.239364252697051416e+00
-2.239364252697051416e+00
-2.239364252697051416e+00
-2.239364252697051416e+00
-2.239364252697051416e+00
-2.239364252697051416e+00
-2.239364252697051416e+00
-2.239364252697051416e+00
-2.239364252697051416e+00
-2.239364252697051416e+00
-2.239364252697051416e+00
-2.239364252697051416e+00
-2.239364252697051416e+00
-2.239364252697051416e+00
-2.239364252697051416e+00
-2.239364252697051416e+00
-2.239364252697051416e+00
-2.209207897573561397e+00
-2.209157127146140542e+00
-2.208716357601113067e+00
-2.208482725502436850e+00
-2.207692310040386907e+00
-2.207745062062244301e+00
-2.207910816916425656e+00
-2.208291391396446812e+00
-2.208273224287665037e+00
-2.208719349196438753e+00
-2.208168966601683714e+00
-2.208699271380486717e+00
-2.208538378835831484e+00
-2.208454319514294273e+00
-2.208695477014404940e+00
-2.208275183265002717e+00
-2.208766059426243267e+00
-2.208989686499142735e+00
-2.208660215032294705e+00
-2.208549372439291947e+00
-2.209298774761720097e+00
-2.208220515497276715e+00
-2.208785888178485646e+00
-2.208776988575847255e+00
-2.208392867430119200e+00
-2.208303571589005809e+00
-2.208632471314834422e+00
-2.208891281500346526e+00
-2.208227591126214140e+00
-2.208226022379430109e+00
-2.208525170248332614e+00
-2.208176494347231955e+00
-2.209011331383246013e+00
-2.208851745644009767e+00
-2.208735601083821276e+00
-2.208571115852387301e+00
-2.208207410531795922e+00
-2.208801496024924482e+00
-2.208346345890884521e+00
-2.208489903955782818e+00
-2.208864238269260039e+00
-2.208268690148280200e+00
-2.208759485439579340e+00
-2.208936043709335717e+00
-2.208618733649626797e+00
-2.208485062457289150e+00
-2.208753108467686577e+00
-2.208271325377807237e+00
-2.208515833644667303e+00
-2.208592012336466848e+00
-2.209223347612879973e+00
-2.208537749775838055e+00
-2.208965166989280693e+00
-2.208633591526672824e+00
-2.208565311809191467e+00
-2.208259970553056117e+00
-2.208800402082268022e+00
-2.207931078088873456e+00
-2.208115160823536982e+00
-2.208635222960119382e+00
-2.209139861028492469e+00
-2.208152619869357736e+00
-2.208024008942053307e+00
-2.208445483884713401e+00
-2.208339285697710430e+00
-2.208478184043445314e+00
-2.209184545808019262e+00
-2.208570579755974705e+00
-2.208608676698935902e+00
-2.208429303111916653e+00
-2.208515067210498284e+00
-2.208862746792027654e+00
-2.208290564329197903e+00
-2.208365016099035572e+00
-2.208512038485405338e+00
-2.208195983640917959e+00
-2.209017491450940618e+00
-2.208221806732371562e+00
-2.208810837318828657e+00
-2.208160399822810760e+00
-2.208265569784929383e+00
-2.208804121997876013e+00
-2.208252622341796201e+00
-2.208633393574137571e+00
-2.208423116501506023e+00
-2.207554142887646620e+00
-2.208001018607797850e+00
-2.208441746414943729e+00
-2.208451361900837906e+00
-2.208374588248879444e+00
-2.208404018851496176e+00
-2.208323131564564168e+00
-2.208297076134955184e+00
-2.208164546851226984e+00
-2.208667744245199405e+00
-2.208713076707379042e+00
-2.208665831669410551e+00
-2.208372827663771520e+00
-2.208549793002774653e+00
-2.208604158031543196e+00
-2.208380830591093247e+00
-2.208934538203694675e+00
-2.208829995316407668e+00
-2.208812935280159095e+00
-2.208342892094028009e+00
-2.127122248024236217e+00
-2.151915046670984211e+00
-2.173358508560249369e+00
-2.232918330632757797e+00
-2.203232759895404236e+00
-2.209100879559239061e+00
-2.175801809829312372e+00
-2.189817377669346588e+00
-2.189003241688231682e+00
-2.185765975875836986e+00
-2.179570716373988581e+00
-2.268470140939582880e+00
-2.247917751100426464e+00
-2.229642806936721566e+00
-2.265684510118916251e+00
-2.186404655976184053e+00
-2.180646670111332064e+00
-2.234071740311249776e+00
-2.235519738106072740e+00
-2.238792045986560897e+00
-2.266241199071512114e+00
-2.189857215611775487e+00
-2.227382043771575226e+00
-2.217756906983557652e+00
-2.208014975335290231e+00
-2.224929076000241590e+00
-2.228694194471353196e+00
-2.227096195070195961e+00
-2.225918398502184647e+00
-2.264840336223028050e+00
-2.223319689883401562e+00
-2.241797308022886348e+00
-2.212005347124820887e+00
-2.217766878328171654e+00
-2.244004198710686016e+00
-2.237095116669613137e+00
-2.208589155405220605e+00
-2.204648841594725628e+00
-2.225713943889696456e+00
-2.225756181974594128e+00
-2.212321151380760575e+00
-2.227057952978533706e+00
-2.234142277101935470e+00
-2.240228180715475581e+00
-2.210121414405378459e+00
-2.233899855755972830e+00
-2.236538096251878827e+00
-2.228484482072365935e+00
-2.216520996466648796e+00
-2.228637303353592003e+00
-2.217401033600705063e+00
-2.229355842474515015e+00
-2.241400037172820436e+00
-2.217812974039274021e+00
-2.202292461456496930e+00
-2.213515554907671490e+00
-2.212930259377059450e+00
-2.214233319869896466e+00
-2.235878588612229212e+00
-2.206764042133567028e+00
-2.217934399502077270e+00
-2.212986347076375981e+00
-2.231472875081318641e+00
-2.242609485855228790e+00
-2.213566516288092867e+00
-2.206058214717707244e+00
-2.244879879916951815e+00
-2.213017904183627760e+00
-2.212509828441402426e+00
-2.213295148471547069e+00
-2.193728345212965891e+00
-2.196294800323119301e+00
-2.187651669739915761e+00
-2.206429186572495205e+00
-2.193409772082750564e+00
-2.192028423278741478e+00
-2.230274360813759849e+00
-2.195869938515161213e+00
-2.183818264140208409e+00
-2.108636406299837951e+00
-2.065002200146583977e+00
-2.141408070357254889e+00
-2.176919010410681921e+00
-2.201442833121098008e+00
-2.207958721977490324e+00
-2.209139981546726972e+00
-2.208516060326351838e+00
-2.208515220238025378e+00
-2.208555062115463041e+00
-2.208186252850804721e+00
-2.208752869374055905e+00
-2.208736298301785972e+00
-2.209314826999013714e+00
-2.208522557956559051e+00
-2.208705002261172723e+00
-2.208713125048014980e+00
-2.208859246427314016e+00
-2.208564141756728993e+00
-2.208601980366735607e+00
-2.208375999119707611e+00
-2.208422605125962335e+00
-2.208530387467341427e+00
-2.209070302636042094e+00
-2.208575007275804136e+00
-2.208843989909036853e+00
-2.208575387522624833e+00
-2.208801370971504419e+00
-2.208079505754555250e+00
-2.208398233376533959e+00
-2.207945684917253626e+00
-2.208291747323521736e+00
-2.208443407585778839e+00
-2.208555320558332369e+00
-2.207623040864315378e+00
-2.208940810780442909e+00
-2.208976502671712083e+00
-2.208434126864464719e+00
-2.208234772954886793e+00
-2.208484914650806097e+00
-2.208503899024951700e+00
-2.208690547722712783e+00
-2.208501537845547258e+00
-2.208885534115393678e+00
-2.208436322237075533e+00
-2.208877323240332924e+00
-2.208415663796632344e+00
-2.208736358176346393e+00
-2.209162279136687168e+00
-2.209104552777268360e+00
-2.207673823888526954e+00
-2.208737060468950464e+00
-2.209361887934552016e+00
-2.208320547777541609e+00
-2.208684977256729631e+00
-2.208401751045671269e+00
-2.208662891109984372e+00
-2.208352108642671396e+00
-2.208224696461425829e+00
-2.208750106439278049e+00
-2.209160494281700249e+00
-2.209019090251021833e+00
-2.208679098626149973e+00
-2.208934352173161919e+00
-2.208495344734175525e+00
-2.208581072573749360e+00
-2.208864858270664033e+00
-2.208819104901759811e+00
-2.208613365439048959e+00
-2.208911112011208822e+00
-2.208973720088927006e+00
-2.208517860713114622e+00
-2.208654865383673283e+00
-2.208886662618796848e+00
-2.208537265300263286e+00
-2.209142413715701192e+00
-2.208152498728489288e+00
-2.208855960231191240e+00
-2.208672424621538344e+00
-2.208356708055419837e+00
-2.209008426237551781e+00
-2.208675555219954401e+00
-2.208365449940629333e+00
-2.208589457810971712e+00
-2.208588148082771152e+00
-2.208205966702055711e+00
-2.208589683736267517e+00
-2.208635602907403683e+00
-2.209035072579847991e+00
-2.207992221775080921e+00
-2.208267178023232802e+00
-2.208887637603702103e+00
-2.208548518081705936e+00
-2.208868520928147561e+00
-2.208626878709457841e+00
-2.208901098761363979e+00
-2.208768832353201539e+00
-2.208939075076087999e+00
-2.208604909589238385e+00
-2.208206633001692509e+00
-2.208849396406252996e+00
-2.208470892043530753e+00
-2.209050798799533144e+00
-2.208427880139839594e+00
-2.208951614701288868e+00
-2.208949518956252689e+00
-2.208525244512545171e+00
-2.208492415868645420e+00
-2.208780121869581059e+00
-2.209035178173457403e+00
-2.208441988743499618e+00
-2.208218603594719998e+00
-2.208712836461737439e+00
-2.208895750546334469e+00
-2.208771517874237311e+00
-2.208260372602813604e+00
-2.208652258060523010e+00
-2.208657650236663716e+00
-2.209036992719710657e+00
-2.209057382309298490e+00
-2.208011133248452662e+00
-2.208612966131272781e+00
-2.208832408792376523e+00
-2.208791675269273114e+00
-2.208509005512459655e+00
-2.208672556548452182e+00
-2.208262683029846851e+00
-2.208404791857341731e+00
-2.207959791672089445e+00
-2.208916195759852652e+00
-2.208260120960647832e+00
-2.208407170717276102e+00
-2.208823811235963941e+00
-2.208233695304911315e+00
-2.208264157717565013e+00
-2.207962015488749596e+00
-2.208449512175627572e+00
-2.208938775051943804e+00
-2.208330035314332918e+00
-2.208065530406048804e+00
-2.209071530943135464e+00
-2.208840900556452880e+00
-2.208587721704905249e+00
-2.208310916240020738e+00
-2.208366621427332976e+00
-2.208099127212559409e+00
-2.209650926543230476e+00
-2.208558572852272750e+00
-2.208862899082872477e+00
-2.207827703544581688e+00
-2.208270501514148609e+00
-2.209044281722168712e+00
-2.208916144492228284e+00
-2.208470286767035162e+00
-2.208245961191769080e+00
-2.209044426404486394e+00
-2.208992882738492369e+00
-2.208877611717721567e+00
-2.208217863520832491e+00
-2.208241755282071228e+00
-2.208910471937992170e+00
-2.208828282310872915e+00
-2.208540038455538035e+00
-2.208497189142894168e+00
-2.208332755595078911e+00
-2.208827927255606838e+00
-2.208498228618170245e+00
-2.208400771523905792e+00
-2.208594000835114812e+00
-2.208215613135889654e+00
-2.208716657407826744e+00
-2.208436918935104742e+00
-2.207947242426554713e+00
-2.208616799460459745e+00
-2.208783250891765970e+00
-2.208651597455457249e+00
-2.208153044556295796e+00
-2.208919266278128291e+00
-2.208260288282256845e+00
-2.208353163318127255e+00
-2.208931283309474303e+00
-2.208714581577438274e+00
-2.208460741513779357e+00
-2.208356105047708962e+00
-2.208079869007648632e+00
-2.202413455585927604e+00
-2.173151920276007232e+00
-2.155316124604956585e+00
-2.113614229951373602e+00
-2.075461179317098726e+00
-2.084916609730982806e+00
-2.118717390835842096e+00
-2.119712579968296762e+00
-2.131283878312461244e+00
-2.131358534857055176e+00
-2.172375052399247330e+00
-2.162722098646917335e+00
-2.195580251379970260e+00
-2.212440193494578988e+00
-2.193325589582480806e+00
-2.192590152079918031e+00
-2.189586676523192832e+00
-2.195859485585954118e+00
-2.186014077319962556e+00
-2.184185959358757145e+00
-2.205971244637403128e+00
-2.183010021961044878e+00
-2.195154689246556767e+00
-2.201881266929926806e+00
-2.186915586724635041e+00
-2.206603864907981105e+00
-2.249006351973973583e+00
-2.204718108732887760e+00
-2.186972347133712358e+00
-2.227964881841301814e+00
-2.226738891549561394e+00
-2.211258524117335700e+00
-2.179422420343989142e+00
-2.171600418202428884e+00
-2.173094138552703392e+00
-2.191418418614762054e+00
-2.197211003553894759e+00
-2.184027149163064507e+00
-2.194457750096353799e+00
-2.178863386974573046e+00
-2.189473881860228399e+00
-2.134612816669211544e+00
-2.109320713905028732e+00
-2.168914383182291239e+00
-2.215647163584911983e+00
-2.162830080470295346e+00
-2.190837303694914695e+00
-2.183472950148511060e+00
-2.178580368482340379e+00
-2.178778184976113419e+00
-2.182614408847088239e+00
-2.182905983356177693e+00
-2.182476887651039643e+00
-2.181508717370636230e+00
-2.182865427930736235e+00
-2.191185577626496350e+00
-2.191285724564212778e+00
-2.194423929642301374e+00
-2.199577141663759505e+00
-2.201978470609816885e+00
-2.202720551918234904e+00
-2.204131882711292345e+00
-2.206484821490886095e+00
-2.206901442730924146e+00
-2.208182385103462320e+00
-2.206686939180499518e+00
-2.209101332740724288e+00
-2.208278437857252197e+00
-2.208808108173639262e+00
-2.208841829410675750e+00
-2.209037223600753830e+00
-2.208896591948708021e+00
-2.208218576348180751e+00
-2.208937996575036422e+00
-2.207884641730375463e+00
-2.207701593544012297e+00
-2.208333526409832270e+00
-2.208466546308032186e+00
-2.208955359260103002e+00
-2.209735097498116918e+00
-2.208854272948880926e+00
-2.209473435053775248e+00
-2.206130482509034429e+00
-2.199622289324674629e+00
-2.191855192287377463e+00
-2.200401189313571759e+00
-2.205880970675369479e+00
-2.203897973872538607e+00
-2.210482382212784369e+00
-2.203482691462478993e+00
-2.216178246332463964e+00
-2.216817762681063009e+00
-2.204356582592770675e+00
-2.198701866447321684e+00
-2.200153254124348479e+00
-2.200115339624181487e+00
-2.200234420999720442e+00
-2.198589238708478444e+00
-2.204651780048418441e+00
-2.219414456433716154e+00
-2.211260859176531923e+00
-2.223328031635551483e+00
-2.238324661836880836e+00
-2.240291034633287826e+00
-2.218120663583250440e+00
-2.236973852951962272e+00
-2.226507201778843648e+00
-2.219200375231095812e+00
-2.199048185006676537e+00
-2.169004686382004277e+00
-2.183836997406788161e+00
-2.166727114406745258e+00
-2.151454776151265236e+00
-2.137720174790959327e+00
-2.117136356584737644e+00
-2.125837291407022267e+00
-2.107999768841611221e+00
-2.102639219002123472e+00
-2.098950062089410817e+00
-2.101703293369630021e+00
-2.104473091771760895e+00
-2.165926642521812440e+00
-2.181888485562260449e+00
-2.162375518427898768e+00
-2.207992619433595038e+00
-2.232653821482680989e+00
-2.233786079571262739e+00
-2.214116867802970123e+00
-2.219698969258438570e+00
-2.214246858962536812e+00
-2.214140956333502608e+00
-2.215009497094176716e+00
-2.215400379581176082e+00
-2.209651361669263459e+00
-2.209588065627727804e+00
-2.209163110215999648e+00
-2.209085782811019971e+00
-2.209190922094674381e+00
-2.215098099491347838e+00
-2.214668435483733600e+00
-2.214656399180604751e+00
-2.220588030280050695e+00
-2.214145567623659883e+00
-2.226582979139139606e+00
-2.225460691728245788e+00
-2.234924685732641692e+00
-2.241533567541407646e+00
-2.247186315788392896e+00
-2.247356295190078512e+00
-2.244792236142438835e+00
-2.245524422676951737e+00
-2.246349252189458134e+00
-2.250996770624993815e+00
-2.252402808273618717e+00
-2.257285044225829651e+00
-2.256225928986399953e+00
-2.245074845493769455e+00
-2.244263520633311693e+00
-2.251886555873483520e+00
-2.252465574607503740e+00
-2.252005502021784178e+00
-2.247580585830321720e+00
-2.253199237787193443e+00
-2.252263309370533761e+00
-2.279982525181583064e+00
-2.260819775525438668e+00
-2.255568740876381373e+00
-2.227997728702209912e+00
-2.228182795034140184e+00
-2.225256774832879536e+00
-2.143971038796735673e+00
-2.144158371518780637e+00
-2.163955268902361340e+00
-2.123884378418137153e+00
-2.109648033821704516e+00
-2.076398659296207150e+00
-2.150725480818672875e+00
-2.113860534996413243e+00
-2.095291403013550990e+00
-2.155762594752375971e+00
-2.167377394931278456e+00
-2.156393139610048415e+00
-2.160256049159016811e+00
-2.179312111613729730e+00
-2.171598375230283651e+00
-2.177896686535373938e+00
-2.179727522916396598e+00
-2.175687022710508955e+00
-2.202150865519044043e+00
-2.209181882234019234e+00
-2.183796815684162063e+00
-2.205215695914195528e+00
-2.207728244771328896e+00
-2.225808550429916099e+00
-2.192734199237941883e+00
-2.204954248481249213e+00
-2.192372913206000806e+00
-2.218799977271792567e+00
-2.205370817020734453e+00
-2.221940959005460403e+00
-2.174081482257778752e+00
-2.216519056391275999e+00
-2.176723106469986124e+00
-2.183752795741404462e+00
-2.211873482696149917e+00
-2.199615979209356365e+00
-2.194430366941292121e+00
-2.181769293636086626e+00
-2.174327829777443544e+00
-2.198183448999722955e+00
-2.199869772351857211e+00
-2.173181896163752125e+00
-2.194367577781613399e+00
-2.168513750478695545e+00
-2.196895280282136209e+00
-2.208947797665694157e+00
-2.202862297673875425e+00
-2.181151748983744643e+00
-2.180982622663790060e+00
-2.165651958110450082e+00
-2.164238590834141718e+00
-2.192781315807275089e+00
-2.188498149024295625e+00
-2.190622858911849935e+00
-2.167372122151759228e+00
-2.223847715632365940e+00
-2.173348896352031101e+00
-2.216994723979338389e+00
-2.214237406119912155e+00
-2.195210901085639321e+00
-2.153481390926660577e+00
-2.165225073058174576e+00
-2.150320760414685672e+00
-2.163835630729199266e+00
-2.173673246696023575e+00
-2.167113286874942091e+00
-2.142906570410852307e+00
-2.158802702960618713e+00
-2.160258704463083212e+00
-2.158835732383286299e+00
-2.153665433309661648e+00
-2.168617664529829625e+00
-2.154892105797243218e+00
-2.163221242237914677e+00
-2.195465839597451563e+00
-2.214434079383365450e+00
-2.158644628816305033e+00
-2.177562956474039524e+00
-2.191553667133024685e+00
-2.177761164455409126e+00
-2.172316861470340754e+00
-2.163232748492713853e+00
-2.175528623483791613e+00
-2.164405254455239014e+00
-2.164276897122777932e+00
-2.149880806601341288e+00
-2.154503811887124698e+00
-2.184930157493884639e+00
-2.161913157131527541e+00
-2.165547824636948171e+00
-2.211077354680991203e+00
-2.160446303205987295e+00
-2.179145014192779506e+00
-2.142827173824065845e+00
-2.199348011030155536e+00
-2.162585319695053965e+00
-2.184469422015688611e+00
-2.161897948294167371e+00
-2.213564224523140389e+00
-2.186842279887518892e+00
-2.201541297566801170e+00
-2.160986708093247888e+00
-2.205359529614101533e+00
-2.177061815815446444e+00
-2.180663275649596056e+00
-2.178632859764991547e+00
-2.186964200832442806e+00
-2.202491905595856725e+00
-2.229374854149081653e+00
-2.184650681996514798e+00
-2.176893739991616172e+00
-2.178480282244726229e+00
-2.205277117256779995e+00
-2.164198883566359477e+00
-2.220005196824253346e+00
-2.213217467749561074e+00
-2.230759579727215947e+00
-2.230613053056366812e+00
-2.215460429206709492e+00
-2.210081756750671644e+00
-2.231474736453094021e+00
-2.230375942317476490e+00
-2.218690289803099347e+00
-2.191118939216361028e+00
-2.256859522851365263e+00
-2.204955928037696467e+00
-2.232533542889569844e+00
-2.177904793354487278e+00
-2.221716938327349844e+00
-2.183520245109935587e+00
-2.167365761280859005e+00
-2.183059893964244491e+00
-2.187372724030064219e+00
-2.196324578149809525e+00
-2.179771619741069699e+00
-2.173441739931558647e+00
-2.195915973339249483e+00
-2.190284509224668774e+00
-2.221643025719414410e+00
-2.210846755107958916e+00
-2.195299021812874063e+00
-2.188409015800271806e+00
-2.187290184037535834e+00
-2.219519844267951569e+00
-2.189704269329773467e+00
-2.210957186519898254e+00
-2.166801531166603567e+00
-2.182974124277490713e+00
-2.198243725887592426e+00
-2.176445893774442641e+00
-2.150231511404145035e+00
-2.189053015319294193e+00
-2.188195289953068112e+00
-2.159583924768590624e+00
-2.162814620532016452e+00
-2.199349708466008302e+00
-2.208508345756073687e+00
-2.187482756432233888e+00
-2.236327651124500715e+00
-2.187885995316242838e+00
-2.197517779617009559e+00
-2.188024714042186680e+00
-2.188725870242700378e+00
-2.212909166007291706e+00
-2.204460398170956736e+00
-2.145029252648134488e+00
-2.223876493958370837e+00
-2.218497669034277919e+00
-2.165521074884628749e+00
-2.203675059337818709e+00
-2.190253606288671939e+00
-2.166984788288428998e+00
-2.157671594242990043e+00
-2.177984555313965842e+00
-2.176042272587831672e+00
-2.177109610553795704e+00
-2.163240635520748079e+00
-2.165635233288363715e+00
-2.182686743450720890e+00
-2.183889458532644934e+00
-2.166285037645918177e+00
-2.186487491420622931e+00
-2.164666649022734646e+00
-2.165522891224505031e+00
-2.180029085297176206e+00
-2.179698848408108347e+00
-2.173996163730176789e+00
-2.152039080856424924e+00
-2.186675081058127024e+00
-2.159873087160712135e+00
-2.196750224634864246e+00
-2.151632544731311381e+00
-2.192381566884379573e+00
-2.186365504560491946e+00
-2.228100616209351070e+00
-2.223249893403388189e+00
-2.225054679653558409e+00
-2.208324980499942303e+00
-2.208475669881755366e+00
-2.203331273197350004e+00
-2.194627781012865597e+00
-2.192371984638748827e+00
-2.215735795244643036e+00
-2.196346008409722383e+00
-2.208717996428479768e+00
-2.194494075132308097e+00
-2.193868552979318931e+00
-2.213624731222394892e+00
-2.218105701430333365e+00
-2.200548835971874784e+00
-2.179662291315986877e+00
-2.148029348642089609e+00
-2.146130313591791072e+00
-2.208119693965108876e+00
-2.169515821725740867e+00
-2.194926592514891528e+00
-2.192213006179987378e+00
-2.207898068185584428e+00
-2.179534483962709768e+00
-2.150393268737838426e+00
-2.157948113332474271e+00
-2.186236522594398046e+00
-2.170758588617327955e+00
-2.195420068872751429e+00
-2.197227831687240229e+00
-2.205558234350094793e+00
-2.192642116340803415e+00
-2.184395841993085785e+00
-2.210443356528388748e+00
-2.190541296644471281e+00
-2.195993200527863731e+00
-2.227717948509060353e+00
-2.185183269502172454e+00
-2.194143182213579735e+00
-2.200941882013400797e+00
-2.195196868803683365e+00
-2.158816020416491455e+00
-2.153124262002314548e+00
-2.141534738686066142e+00
-2.151093886191483673e+00
-2.177816778563007372e+00
-2.189814675586474468e+00
-2.169585760164530974e+00
-2.190598172428124268e+00
-2.168454403751585602e+00
-2.178315676637808895e+00
-2.170704685016406899e+00
-2.189039327586320915e+00
-2.152548112539515390e+00
-2.146801507317821045e+00
-2.145285206086338547e+00
-2.163066662426887721e+00
-2.152666839664950871e+00
-2.189447147733560861e+00
-2.185165756742162291e+00
-2.185136428693892352e+00
-2.203664992598308725e+00
-2.191585187456060346e+00
-2.180909143481283952e+00
-2.154908159188881456e+00
-2.199195206897334387e+00
-2.168211987279732078e+00
-2.191072488937415574e+00
-2.136815707075635729e+00
-2.198113239264964935e+00
-2.189839150664192324e+00
-2.148109559599197027e+00
-2.183335057044168970e+00
-2.166936360296088715e+00
-2.164190455612945208e+00
-2.211261458910731115e+00
-2.164616330957568113e+00
-2.151937312393286561e+00
-2.184366208231222295e+00
-2.191481565324820302e+00
-2.180452340214651841e+00
-2.160173372110748780e+00
-2.178481481910017337e+00
-2.191296308206993615e+00
-2.204535059182224810e+00
-2.215417534896300999e+00
-2.181589107508399739e+00
-2.202383390393114482e+00
-2.185336524785838730e+00
-2.177455905292338567e+00
-2.170054972553247197e+00
-2.152582447409594479e+00
-2.157532162132837605e+00
-2.210397546227389043e+00
-2.163501387175572610e+00
-2.182484856442212351e+00
-2.180827615546319098e+00
-2.177965375750634536e+00
-2.199231932248303156e+00
-2.208801669820517066e+00
-2.159722298178346822e+00
-2.195404653140561546e+00
-2.180667320078237381e+00
-2.164303907448643649e+00
-2.198094845012704912e+00
-2.204252089158343253e+00
-2.194286105544413168e+00
-2.199960995822573206e+00
-2.224287358172770013e+00
-2.207298818818805408e+00
-2.214744958503488181e+00
-2.198837531773547571e+00
-2.200219173935057615e+00
-2.207093700362958266e+00
-2.209677665144960557e+00
-2.201185545664722021e+00
-2.175600922238398294e+00
-2.178056421059231695e+00
-2.182089418558463390e+00
-2.191576334727132647e+00
-2.199578267427949818e+00
-2.164606192141325991e+00
-2.194411593396467630e+00
-2.210161112910166370e+00
-2.199021207502772857e+00
-2.193280746822492411e+00
-2.197701099976362649e+00
-2.151854980736384260e+00
-2.181003767347775568e+00
-2.145360613248952664e+00
-2.194220691421642222e+00
-2.162736911000250117e+00
-2.183094410843003708e+00
-2.187230527023365401e+00
-2.214116240353114939e+00
-2.197979688568342915e+00
-2.221433456434121823e+00
-2.199382509111972084e+00
-2.207466491100673611e+00
-2.173955481278390778e+00
-2.165981521464026116e+00
-2.175032431200936145e+00
-2.191693561557951586e+00
-2.177666986247465797e+00
-2.170663897722164837e+00
-2.185956300526514795e+00
-2.191744544574152354e+00
-2.189823744339705058e+00
-2.220745992976065342e+00
-2.159847675692015301e+00
-2.162182096962597555e+00
-2.198091100294051525e+00
-2.220860437635716167e+00
-2.156969383993597944e+00
-2.179843315564257367e+00
-2.159373310692454417e+00
-2.188287077229305932e+00
-2.206896220671089814e+00
-2.232782521989425728e+00
-2.205096677276229933e+00
-2.171134485604159448e+00
-2.199465400526199765e+00
-2.232861649187909414e+00
-2.188967619644802021e+00
-2.202915146526094770e+00
-2.178685381628474804e+00
-2.199864818814079914e+00
-2.185242497716324284e+00
-2.157481432194606974e+00
-2.138099401455221482e+00
-2.162308455501156690e+00
-2.169994812039792720e+00
-2.217827617837447640e+00
-2.212741863723634683e+00
-2.208014303802034561e+00
-2.194297699029026383e+00
-2.211375183492024998e+00
-2.191751587560288872e+00
-2.207563265615212877e+00
-2.171295319108646815e+00
-2.216779467721843755e+00
-2.207116791397058631e+00
-2.177494100541486066e+00
-2.221024872391393234e+00
-2.173087684343237402e+00
-2.206368868425845342e+00
-2.139221096683237455e+00
-2.235594209520722409e+00
-2.143807446302640418e+00
-2.174170893896964163e+00
-2.156033974914574713e+00
-2.214843249075341802e+00
-2.144139706653499289e+00
-2.239367063729251761e+00
-2.194827040030627341e+00
-2.170057829555165796e+00
-2.193451770174997595e+00
-2.228314994384117842e+00
-2.206726443779099434e+00
-2.162250953028753475e+00
-2.173791814178357651e+00
-2.162581909658135348e+00
-2.162996944053806825e+00
-2.198141976623334326e+00
-2.192079434411044137e+00
-2.225280142364839620e+00
-2.212789139253350079e+00
-2.184908744189399510e+00
-2.186093874889940114e+00
-2.203808780784545895e+00
-2.201608470785544558e+00
-2.189175345517317961e+00
-2.210695139252697672e+00
-2.152606007697809520e+00
-2.180291140160558250e+00
-2.135267380503969026e+00
-2.143743310522209455e+00
-2.201912482050085718e+00
-2.212852635500933918e+00
-2.171161024961733688e+00
-2.213245548481765468e+00
-2.153365031431632381e+00
-2.185753201511838384e+00
-2.188922218494782523e+00
-2.191978181006168036e+00
-2.179140462260868549e+00
-2.217599481170363429e+00
-2.183390628329212380e+00
-2.170154466819612882e+00
-2.164758535092504488e+00
-2.198209891458277276e+00
-2.199619500452505427e+00
-2.216396202383384306e+00
-2.182390635910240739e+00
-2.170305074414471846e+00
-2.208157273293962053e+00
-2.215180602602342397e+00
-2.165346614095724931e+00
-2.213743221196081912e+00
-2.204023882251301636e+00
-2.202966529784526895e+00
-2.192458160190310590e+00
-2.164256637477561807e+00
-2.181786679988407140e+00
-2.235961376892906305e+00
-2.224091094728127160e+00
-2.190505569042734191e+00
-2.241791021013758378e+00
-2.188781493712059767e+00
-2.189512464496284228e+00
-2.194978265296408271e+00
-2.201539314699826555e+00
-2.209389498656514128e+00
-2.227207231808709942e+00
-2.221632296126269335e+00
-2.190910687194632445e+00
-2.191370770351204200e+00
-2.235948922841598741e+00
-2.214692615701424838e+00
-2.202251347285657079e+00
-2.194731526522529119e+00
-2.192735987017547128e+00
-2.225325487354739895e+00
-2.222824543592474278e+00
-2.209208692700872056e+00
-2.186589885021771096e+00
-2.159338572317053284e+00
-2.194783962739371042e+00
-2.210538253213037763e+00
-2.214471694221869402e+00
-2.247457660236794830e+00
-2.181597497277828701e+00
-2.227577570279887009e+00
-2.228967071015109269e+00
-2.150974807069478079e+00
-2.209290791808151244e+00
-2.181797926302828650e+00
-2.181508142718564525e+00
-2.176206714513932994e+00
-2.235647157920075845e+00
-2.212725890706533249e+00
-2.183843994472542960e+00
-2.206742974379281463e+00
-2.175631689389851076e+00
-2.172233149442875710e+00
-2.173640816445381319e+00
-2.205461180104461683e+00
-2.167868344595248686e+00
-2.211385313916502060e+00
-2.202176509252845804e+00
-2.176577383114864261e+00
-2.150811090705794459e+00
-2.167382465102981826e+00
-2.216729348802269683e+00
-2.211958714916919533e+00
-2.170017990149852416e+00
-2.195625670698915677e+00
-2.147209505493477888e+00
-2.137720871566300751e+00
-2.178625309538930299e+00
-2.203398631066808555e+00
-2.221765583701550639e+00
-2.218266753499910315e+00
-2.202745989082249611e+00
-2.146551801441735741e+00
-2.223405481218193369e+00
-2.206587770067505616e+00
-2.180052043096123437e+00
-2.191303195215554833e+00
-2.229879968334898432e+00
-2.224203776537045929e+00
-2.185482517648293488e+00
-2.203451710916400685e+00
-2.225316882212136083e+00
-2.181061195834161470e+00
-2.167837767977026875e+00
-2.182701806127989475e+00
-2.194488908890780632e+00
-2.223378032673517524e+00
-2.224063163745562566e+00
-2.174629072230758631e+00
-2.200203409510959940e+00
-2.215835698177688773e+00
-2.206329434792367206e+00
-2.213029127009853436e+00
-2.170831691837430633e+00
-2.174560597586515875e+00
-2.189178727950664261e+00
-2.152905017625509565e+00
-2.207107090385914461e+00
-2.210313912962881933e+00
-2.170588950265168737e+00
-2.169317089948326061e+00
-2.184348473523962220e+00
-2.213115625413365262e+00
-2.204626046485674173e+00
-2.213800803125899108e+00
-2.202661929487952808e+00
-2.123734682626956971e+00
-2.138863845184203250e+00
-2.184373766544331907e+00
-2.157522681103275275e+00
-2.227068803797132901e+00
-2.174063492258233588e+00
-2.174840983438063091e+00
-2.160439018908097530e+00
-2.229798973286630126e+00
-2.190009548456931299e+00
-2.219645068078712757e+00
-2.181056047768357153e+00
-2.193370186002099764e+00
-2.270994759677210428e+00
-2.225052561739532919e+00
-2.162705507759768775e+00
-2.159260196443718804e+00
-2.169298107038171608e+00
-2.158058525493202318e+00
-2.224199364383065092e+00
-2.185752563610108723e+00
-2.192517975102020511e+00
-2.184869483984854366e+00
-2.212592282654882059e+00
-2.229259532968393742e+00
-2.195535867855680667e+00
-2.202364609568640663e+00
-2.170736714768919384e+00
-2.184069607632083354e+00
-2.229882720975428168e+00
-2.230547557782878165e+00
-2.175218292000873355e+00
-2.222662822881743772e+00
-2.163887850478193986e+00
-2.222454218637321954e+00
-2.206621322479251468e+00
-2.155323060337439145e+00
-2.195106192628554886e+00
-2.197092173158829098e+00
-2.193547048599542748e+00
-2.170735677945528241e+00
-2.224828700120641489e+00
-2.191239317298724121e+00
-2.205717837601469888e+00
-2.203735865312666853e+00
-2.173903084369601224e+00
-2.194761090737539000e+00
-2.170202647525337980e+00
-2.219803832277897460e+00
-2.211716978131299971e+00
-2.166057508194994874e+00
-2.210478630207471706e+00
-2.164790826309598071e+00
-2.166310473581146923e+00
-2.164051018657416225e+00
-2.165451202713696954e+00
-2.209040180890176064e+00
-2.197161176387332215e+00
-2.193296818959410199e+00
-2.196285474432937423e+00
-2.240313909892020394e+00
-2.181664730477119729e+00
-2.167303496610194280e+00
-2.204054040144949766e+00
-2.166376264283934816e+00
-2.158274809179447029e+00
-2.188154011232380736e+00
-2.170085036301890202e+00
-2.188786641102453245e+00
-2.203539540619476433e+00
-2.167705945209919438e+00
-2.152125122763524967e+00
-2.148191945103635980e+00
-2.178969336990579375e+00
-2.160852107068160777e+00
-2.163088279373381884e+00
-2.168704189402154370e+00
-2.223795802083182949e+00
-2.168512609470120367e+00
-2.176862179033251632e+00
-2.201596218591859166e+00
-2.177437985133328535e+00
-2.173453442470379748e+00
-2.138952265855225576e+00
-2.246016661376254220e+00
-2.199343676674784476e+00
-2.172726292317749941e+00
-2.151198221537449218e+00
-2.200545453917376104e+00
-2.224068905666153118e+00
-2.238507020004421033e+00
-2.163588517665249178e+00
-2.215126783209759864e+00
-2.179781508356122277e+00
-2.189253215277201736e+00
-2.222542700355970346e+00
-2.194892987772258053e+00
-2.182193779448127646e+00
-2.245814379992263632e+00
-2.157272757098092075e+00
-2.184041137324490123e+00
-2.211415937751636029e+00
-2.159948569291629816e+00
-2.201337114066097556e+00
-2.205439520182635782e+00
-2.224004002254375223e+00
-2.161419391264842282e+00
-2.185903466158100272e+00
-2.214073406200824934e+00
-2.167543245554810483e+00
-2.141801192295826439e+00
-2.204176523497292095e+00
-2.159450163116722443e+00
-2.160001820905723680e+00
-2.175625926703916413e+00
-2.127288890722893289e+00
-2.138922638110992924e+00
-2.198881795512871662e+00
-2.165753049849015177e+00
-2.183782920578380526e+00
-2.195675738949142808e+00
-2.211166647389681827e+00
-2.193235166715346907e+00
-2.156832961090477951e+00
-2.235179342332248353e+00
-2.237973299428647866e+00
-2.161929648373253077e+00
-2.176084302388291203e+00
-2.163200545402986119e+00
-2.193879200999753198e+00
-2.164408790684381856e+00
-2.213651815864678962e+00
-2.206423534980203716e+00
-2.245391221236372914e+00
-2.182784557291955974e+00
-2.257552380921088897e+00
-2.170015779596209171e+00
-2.217307361955267897e+00
-2.245061967100709932e+00
-2.257322105133930723e+00
-2.196088729601537004e+00
-2.226573869897581215e+00
-2.244245694814386738e+00
-2.243704749303889301e+00
-2.216629058271617492e+00
-2.192700373940520642e+00
-2.232757842691140304e+00
-2.270575283681648404e+00
-2.243383711226288213e+00
-2.217567793510884400e+00
-2.240297446043828522e+00
-2.237797825152139097e+00
-2.239447003928945357e+00
-2.217611635450769558e+00
-2.214752556956162799e+00
-2.203223858692715531e+00
-2.203896833812506006e+00
-2.232472331997782167e+00
-2.195947632372619474e+00
-2.157387744362600390e+00
-2.172127282653481206e+00
-2.208218893200609489e+00
-2.171816383230951608e+00
-2.205754613048720003e+00
-2.245228905943041031e+00
-2.233657117262320746e+00
-2.175184659852902325e+00
-2.211432690918039512e+00
-2.195854294628838854e+00
-2.213692158919218222e+00
-2.221896042353978196e+00
-2.165147781828208107e+00
-2.200727795539571652e+00
-2.192254929097340543e+00
-2.206274729358789433e+00
-2.170600133541662480e+00
-2.237374274015929920e+00
-2.225542880585490657e+00
-2.203747795502593920e+00
-2.220233214466882377e+00
-2.239530793680558851e+00
-2.224604569065465220e+00
-2.237901197629965644e+00
-2.185183000029570000e+00
-2.218828964620566779e+00
-2.216161453942851800e+00
-2.257516909796636551e+00
-2.248381590678924180e+00
-2.211811499462660535e+00
-2.203916058623232921e+00
-2.167262194874603143e+00
-2.245076819358730269e+00
-2.173299077269236435e+00
-2.213368388009830490e+00
-2.202129141020834791e+00
-2.259129448210372093e+00
-2.225842437522221662e+00
-2.205882484045239345e+00
-2.188480423311060186e+00
-2.187750674069003143e+00
-2.255191961710150128e+00
-2.238958319379126038e+00
-2.203584042562353851e+00
-2.179258524933893160e+00
-2.229439194812627534e+00
-2.231486812759816196e+00
-2.233069592591185426e+00
-2.211040973786122077e+00
-2.212248589329365522e+00
-2.229931457675312867e+00
-2.178668446931121494e+00
-2.211128351955307103e+00
-2.200887315416779622e+00
-2.211398566938368226e+00
-2.247119332409529768e+00
-2.242430618491997762e+00
-2.237064501887426893e+00
-2.211040539428150709e+00
-2.236491659728980341e+00
-2.218913352534181982e+00
-2.193726336186115233e+00
-2.180777481410210772e+00
-2.269058590753449955e+00
-2.249846652467657471e+00
-2.193593297090084882e+00
-2.254709412633455035e+00
-2.205877192009643828e+00
-2.181629999000759934e+00
-2.224139682811332008e+00
-2.225617573852213038e+00
-2.223268877786451103e+00
-2.193786207555357137e+00
-2.268263392177064297e+00
-2.257389655106164739e+00
-2.263107580125094387e+00
-2.265431100121904073e+00
-2.230583483854823079e+00
-2.218927380938834126e+00
-2.222054887443043025e+00
-2.212301173462609682e+00
-2.239308137721474967e+00
-2.239686222027942542e+00
-2.238031289384336375e+00
-2.219060789405008727e+00
-2.268094623460669812e+00
-2.210032916287227867e+00
-2.244966438990512181e+00
-2.242747631673041031e+00
-2.271270017225192284e+00
-2.221305334851420010e+00
-2.224726972415636883e+00
-2.229936267572681707e+00
-2.241791061312260247e+00
-2.255396521196294746e+00
-2.235458304853786160e+00
-2.235636370428356390e+00
-2.244770935569973869e+00
-2.267503056932769656e+00
-2.234805214584168809e+00
-2.203853613616813867e+00
-2.241178498509169170e+00
-2.190522198087686334e+00
-2.195880688179574491e+00
-2.246793827998521564e+00
-2.226329444911234301e+00
-2.206079421223288595e+00
-2.227126057403414183e+00
-2.229804714486507855e+00
-2.216554113718774754e+00
-2.269144639452489454e+00
-2.216593139411873192e+00
-2.216555589570812668e+00
-2.246315297134018785e+00
-2.254867370844106933e+00
-2.261874252748846903e+00
-2.239413962624297039e+00
-2.261292818747708377e+00
-2.252518216664374240e+00
-2.199442858590776595e+00
-2.272414250440248473e+00
-2.252676207047274559e+00
-2.211362913833879063e+00
-2.251266182018829110e+00
-2.208662546671550153e+00
-2.240733964414002966e+00
-2.229255367476651095e+00
-2.200432622036243568e+00
-2.242435497690147717e+00
-2.249762207750592324e+00
-2.204653765225351947e+00
-2.247746174403101094e+00
-2.253624277926346675e+00
-2.208656570571573052e+00
-2.221697625276157328e+00
-2.229516550618494630e+00
-2.236113564994062664e+00
-2.214309763158408995e+00
-2.214106488445561904e+00
-2.253347122271570857e+00
-2.201132399351599656e+00
-2.232181810388751408e+00
-2.207185559511624096e+00
-2.217962270637976463e+00
-2.275451701081950162e+00
-2.224970157708327179e+00
-2.211760659055158840e+00
-2.243598485456909764e+00
-2.266504364216658018e+00
-2.203362816357262055e+00
-2.222938099892669328e+00
-2.265795241072070088e+00
-2.229804727418590371e+00
-2.224763095155380732e+00
-2.226062766582858732e+00
-2.217611300798016938e+00
-2.272643849131014804e+00
-2.232872400859399864e+00
-2.206062623375921294e+00
-2.234615657963259672e+00
-2.308276451179542832e+00
-2.212354803562338379e+00
-2.222273843823737938e+00
-2.244152382360412812e+00
-2.204985536591804518e+00
-2.245304432774891890e+00
-2.248977641879456257e+00
-2.264485803338180947e+00
-2.294726182139851911e+00
-2.253105703490714262e+00
-2.239155922458307746e+00
-2.264123530865563616e+00
-2.242265110363524716e+00
-2.303614833325871469e+00
-2.244927133613748182e+00
-2.222314104319713657e+00
-2.286799987538649326e+00
-2.273610907958016902e+00
-2.244259445227605454e+00
-2.249446006311120350e+00
-2.276122927182557376e+00
-2.279364096667751305e+00
-2.248519204987671216e+00
-2.253194966541046007e+00
-2.256111169786133797e+00
-2.252814869416353449e+00
-2.215882934381743219e+00
-2.272618944900820281e+00
-2.243995946513956508e+00
-2.295984260858357828e+00
-2.235417246371036892e+00
-2.205740515063434160e+00
-2.236702852791273344e+00
-2.270205609759836651e+00
-2.236782498173901068e+00
-2.225665725321212207e+00
-2.236100414152732085e+00
-2.251476569864461208e+00
-2.268007790677965207e+00
-2.219637416050288525e+00
-2.217276737508035556e+00
-2.235866352186668404e+00
-2.217466663930502069e+00
-2.206153875409838427e+00
-2.229715690934121142e+00
-2.225296187285529914e+00
-2.214569090985457844e+00
-2.196423232961114191e+00
-2.272107863996584154e+00
-2.242270322606907840e+00
-2.167659440338811194e+00
-2.201112538502423721e+00
-2.233774879721164730e+00
-2.215621545314056640e+00
-2.248819168406777536e+00
-2.211825667911075044e+00
-2.244689950890699226e+00
-2.230318627749557248e+00
-2.233492108586768943e+00
-2.196825564392542951e+00
-2.235206830131913680e+00
-2.251458950182580576e+00
-2.231715163221706266e+00
-2.212323950016354068e+00
-2.171229012288077076e+00
-2.203563992666158544e+00
-2.229137422172720484e+00
-2.232382655925898352e+00
-2.261460105051336100e+00
-2.233342411190220922e+00
-2.213281765033778825e+00
-2.221609426381411012e+00
-2.252946290111565109e+00
-2.182741473240392249e+00
-2.220174875991322239e+00
-2.228734599335356226e+00
-2.223181530556635810e+00
-2.233438630250419443e+00
-2.262892739667704323e+00
-2.247491172538468973e+00
-2.219586674720507524e+00
-2.213552513581347192e+00
-2.261244481464597555e+00
-2.230652743417730566e+00
-2.262400908898051455e+00
-2.200309095392451564e+00
-2.225197258456844907e+00
-2.226834711509980913e+00
-2.239869004317676104e+00
-2.245279846355972442e+00
-2.264793395727904723e+00
-2.228016532205353784e+00
-2.250356047533000226e+00
-2.264374104611428518e+00
-2.217198485665592855e+00
-2.241911903879969969e+00
-2.268086460790513126e+00
-2.242217454815341515e+00
-2.257239560562447789e+00
-2.272113806009345094e+00
-2.221814824627195151e+00
-2.268318167635248628e+00
-2.214727711599690174e+00
-2.247853881657845942e+00
-2.274040498160483814e+00
-2.230967565196991576e+00
-2.238129894992827662e+00
-2.267766532153699721e+00
-2.273648555698096096e+00
-2.279127229401021637e+00
-2.262409393737856433e+00
-2.272205676792377282e+00
-2.248089674645535663e+00
-2.246615720194643284e+00
-2.291323238372882543e+00
-2.258921726993334822e+00
-2.253488420784451662e+00
-2.236623434097030128e+00
-2.233275958865068134e+00
-2.226859200817643547e+00
-2.254937250082852618e+00
-2.255880838841984648e+00
-2.282621389030552450e+00
-2.264837022899037766e+00
-2.257278046967332585e+00
-2.237134716085970254e+00
-2.260360590156459182e+00
-2.287828809615275016e+00
-2.243805981152153350e+00
-2.256485773597058930e+00
-2.247695466761854277e+00
-2.275547793666818919e+00
-2.265088592169981929e+00
-2.264325805305817063e+00
-2.291024065086723294e+00
-2.261285297806923111e+00
-2.275358472402351673e+00
-2.257383079461173558e+00
-2.279002459003114378e+00
-2.268500848298752537e+00
-2.281703374813109253e+00
-2.279321953468417039e+00
-2.288727979067225693e+00
-2.268640544755889277e+00
-2.247555832578876700e+00
-2.246838660584321801e+00
-2.224404080829312402e+00
-2.206513762132891632e+00
-2.287325594862098299e+00
-2.235114960401278772e+00
-2.265697467063689352e+00
-2.257256389556991039e+00
-2.268352360512353005e+00
-2.251108040672439969e+00
-2.253940374011060843e+00
-2.265346510992749973e+00
-2.267316239623392793e+00
-2.245902647371019967e+00
-2.247041005699704552e+00
-2.233563836730236840e+00
-2.236773540885147682e+00
-2.270507713690255613e+00
-2.227594012854913430e+00
-2.286612148111091258e+00
-2.252712972604596242e+00
-2.218141606203185567e+00
-2.231461564804076758e+00
-2.264443630797298823e+00
-2.205882321438959348e+00
-2.219605730451461145e+00
-2.278094369590955459e+00
-2.229074123670193863e+00
-2.236508689727556565e+00
-2.248379638093668031e+00
-2.243523551081954004e+00
-2.255311780399241517e+00
-2.287128398080620961e+00
-2.242733952115080864e+00
-2.214503793278453259e+00
-2.232749059755168020e+00
-2.236093618600201172e+00
-2.256023901711214030e+00
-2.244578783926908905e+00
-2.224288924857964478e+00
-2.243793439341185358e+00
-2.291831946561767364e+00
-2.218606548340869011e+00
-2.218845959858876338e+00
-2.233471832457858852e+00
-2.257365577686063940e+00
-2.274270706634969663e+00
-2.243126343159711045e+00
-2.233937243401087791e+00
-2.235068499707774325e+00
-2.252258197666473727e+00
-2.213682263427303010e+00
-2.268478929684744294e+00
-2.260089148941776038e+00
-2.275261322264459096e+00
-2.297337228130174935e+00
-2.286224303074263720e+00
-2.271589838663857996e+00
-2.232147320756920905e+00
-2.280897214628656577e+00
-2.263254145266575090e+00
-2.236762658132115611e+00
-2.269775832909635138e+00
-2.267449755181030646e+00
-2.201563531852413824e+00
-2.234863331449255863e+00
-2.248697928716341110e+00
-2.265530662512465376e+00
-2.242893269331875050e+00
-2.257634424594005651e+00
-2.246092934556933596e+00
-2.270678874620814636e+00
-2.293183252252872784e+00
-2.244869239525040694e+00
-2.291956220979453729e+00
-2.284628787433736097e+00
-2.255850896354756330e+00
-2.264211957361953687e+00
-2.250760307346793887e+00
-2.249573322622244742e+00
-2.256658616588702593e+00
-2.279390974979265572e+00
-2.271332662057513829e+00
-2.250995959221194997e+00
-2.242013034621589185e+00
-2.248931208802709580e+00
-2.284011939606710673e+00
-2.275841942087684089e+00
-2.263989965340761579e+00
-2.268428207272523700e+00
-2.249389240394359391e+00
-2.243943376126470213e+00
-2.275843161253679803e+00
-2.268126686020377925e+00
-2.240920260640260064e+00
-2.259201317065158587e+00
-2.230255446286994570e+00
-2.265897508125120030e+00
-2.271377520401184125e+00
-2.223953098019335606e+00
-2.248921241735286625e+00
-2.245485031990168689e+00
-2.255409264467274078e+00
-2.262822407408998870e+00
-2.232850722379666752e+00
-2.242975181539734741e+00
-2.270827620673832037e+00
-2.276096611062174979e+00
-2.249838007568898401e+00
-2.242807942551888090e+00
-2.298791489998935234e+00
-2.248369422925838190e+00
-2.211892758242459234e+00
-2.217676880496683545e+00
-2.282254895099392833e+00
-2.257179887512288818e+00
-2.227789670479430661e+00
-2.278901876245059022e+00
-2.220260710475121524e+00
-2.263535303096201989e+00
-2.264742252206452200e+00
-2.228017372839519172e+00
-2.249690140302219810e+00
-2.232304887047114050e+00
-2.227862432115175206e+00
-2.274773930875214845e+00
-2.239066595246345326e+00
-2.217526491820454915e+00
-2.240799912209550993e+00
-2.274164618947638772e+00
-2.249110363655855593e+00
-2.263324021554170340e+00
-2.251681791118632425e+00
-2.250768405396483818e+00
-2.262395243542034251e+00
-2.227533895625585458e+00
-2.271741680276849085e+00
-2.230623214808250765e+00
-2.235083758458694891e+00
-2.248553467331540379e+00
-2.244537450033563974e+00
-2.259182227447705582e+00
-2.239395715002354237e+00
-2.234378852484468325e+00
-2.217670631821052396e+00
-2.280084410023467623e+00
-2.240786773853328029e+00
-2.290540366625867463e+00
-2.244684711678994748e+00
-2.282907460141280875e+00
-2.271750602247441186e+00
-2.280661245833258910e+00
-2.263341627522329258e+00
-2.247733436593511769e+00
-2.227011157756256576e+00
-2.222141943137182274e+00
-2.268961213468422500e+00
-2.261311679391545759e+00
-2.226655370883212637e+00
-2.203234195320136202e+00
-2.246521028623282845e+00
-2.230966941196667719e+00
-2.233439201665868179e+00
-2.298716987877895690e+00
-2.260193488161869269e+00
-2.230821068182614386e+00
-2.258896238603667506e+00
-2.255338791762766526e+00
-2.270236048697938269e+00
-2.242817159627341184e+00
-2.265097781651000286e+00
-2.266011794553474790e+00
-2.247565593963810837e+00
-2.234471689122244698e+00
-2.251150312912901352e+00
-2.272648318423087233e+00
-2.257716474290683895e+00
-2.232320113621046431e+00
-2.224250074321622694e+00
-2.258710852750819065e+00
-2.233383034696327485e+00
-2.262258087769180026e+00
-2.266737381685758113e+00
-2.254938711908744065e+00
-2.256510995520462082e+00
-2.272195025118634693e+00
-2.278817773493655441e+00
-2.270199360779032283e+00
-2.256072425883582255e+00
-2.280806838204607168e+00
-2.275082259516854055e+00
-2.280856762877574440e+00
-2.268428689701679879e+00
-2.257452847975315535e+00
-2.259541815790330865e+00
-2.263058053409021220e+00
-2.271707571450693131e+00
-2.254075005556588351e+00
-2.265832232145812863e+00
-2.255725294120629165e+00
-2.259718140621480575e+00
-2.260156674916583341e+00
-2.275647080139413525e+00
-2.259404274866995799e+00
-2.265055080144266597e+00
-2.278015030658973927e+00
-2.271300642264132641e+00
-2.241143927909005296e+00
-2.269292512586448041e+00
-2.276154570067551841e+00
-2.241148522772351104e+00
-2.299037192732059864e+00
-2.232435934667305499e+00
-2.271498203826394668e+00
-2.266557290655073054e+00
-2.226535883005211325e+00
-2.239714338800687710e+00
-2.248235963248723657e+00
-2.258407055361079330e+00
-2.256389770089282099e+00
-2.271292141919250440e+00
-2.286442290786058873e+00
-2.274760898752308247e+00
-2.288875295411969990e+00
-2.245917007199237592e+00
-2.245404502127128055e+00
-2.237257325356734938e+00
-2.254529653040347803e+00
-2.248306335049539584e+00
-2.287307674797098400e+00
-2.265377097440826049e+00
-2.285492800482600284e+00
-2.289767576748269473e+00
-2.286631903074257899e+00
-2.262601728082027197e+00
-2.253618096943740046e+00
-2.270306758341336106e+00
-2.292808423915536409e+00
-2.289593163261108621e+00
-2.264980501098897037e+00
-2.278198374825938455e+00
-2.281964652926895099e+00
-2.279227014701248333e+00
-2.250589066769602464e+00
-2.287783869833556860e+00
-2.280717411937547290e+00
-2.270776220138257973e+00
-2.256187273253725145e+00
-2.286610837980651123e+00
-2.269307711950695694e+00
-2.278181579351015618e+00
-2.298077066561117210e+00
-2.298293146162370792e+00
-2.250544385003255599e+00
-2.318419367258949038e+00
-2.263302308613359237e+00
-2.239302256209714681e+00
-2.302734137971462758e+00
-2.252086429984893279e+00
-2.289574470761923219e+00
-2.285300097465428948e+00
-2.245324681244745157e+00
-2.317297294442612898e+00
-2.298294976360051312e+00
-2.279794531524237389e+00
-2.257156023060208128e+00
-2.315535752241223655e+00
-2.285949050905954572e+00
-2.247386072203004126e+00
-2.271370925346043457e+00
-2.246285135577563707e+00
-2.249925280764813351e+00
-2.259346371314584268e+00
-2.305411394314618168e+00
-2.250229460932817283e+00
-2.251624092515692954e+00
-2.270271654218884549e+00
-2.271953536161300136e+00
-2.273823210600812494e+00
-2.307710804911951463e+00
-2.252978011832357463e+00
-2.297835326337428707e+00
-2.293970907292653294e+00
-2.237878489352211453e+00
-2.293760979362810648e+00
-2.287420696431076372e+00
-2.276883253246678063e+00
-2.283949922454656445e+00
-2.315233338611565994e+00
-2.267375302132802695e+00
-2.293494454256661541e+00
-2.273612689380977159e+00
-2.263391544402095779e+00
-2.297530800711095722e+00
-2.255681353474798367e+00
-2.292945127845555486e+00
-2.279982782372225181e+00
-2.308265811088469732e+00
-2.305570171774899979e+00
-2.271048834533289540e+00
-2.283217836859763761e+00
-2.292251524300952692e+00
-2.296967025785392025e+00
-2.280193296427936112e+00
-2.248968702051401092e+00
-2.271355838181283726e+00
-2.283093117774464442e+00
-2.281363127349343767e+00
-2.286886738964573951e+00
